# Created by Octave 6.0.0, Mon Oct 14 16:48:12 2019 -05 <jul@jul-X455LD>
# name: Carr1
# type: matrix
# rows: 2
# columns: 3
 3 4 14
 6 25 13


# name: a
# type: scalar
4


# name: b
# type: scalar
Inf


